54414d41474f0000000000000000000000000000
0000000000000000000000000000000000000000
0000000000000000000000000000000000000000
0000000000000000000000003c23000017000000
00007c68489775a64e99000000003a0000000000
0000000000000000000000000000000000000000
0000000000000000000000000000000000000000
0000000000000000000000000000000000000000
0000000000000000000000000000000000000000
0000000000000003a40100000000000000000000
0000000000000000000000000001000000000000
0000000000000000000000000000000000000000
0000000000000000000000001000010402000000
010000002a22000054414d41474f000000000000
0000000000000000000000000000000000000000
000000000000000000000000000000000000222e
746731395f626735303031300000000000000000
0000222e030181071f000000000000000000c35a
000008f208ef08ee08ee08ea08f8000000000000
00000000000005dc000000000000000000000000
0000000000000000000000000000000000000000
0000000000000000000000000000000000000000
0000000000000000000000000000000000000000
0000000000000000000000000000000000000000
0000000000000000000000000000000000000000
0000000000000000000000000000000000000000
0000000000000000000000000000000000000000
0000000000000000000000000000000000000000
0000000000000000000000000000000000000000
0000000000000000000000000000000000000000
0000000000000000000000000000000000000000
0000000000000000000000000000000000000000
0000000000000000000000000000000000000000
0000000000000000000000000000000000000000
0000000000000000000000000000000000000000
0000000000000000000000000000000000000000
0000000000000000000000000000000000000000
0000000000000000000000000000000000000000
0000000000000000000000000000000000000000
000120288080100100ff9b67ffd8100294f511cc
d5bf636effff071f9fffacbf057f35eb4a80187b
000c000000000000770700000000000000000000
0000000000000000000000000000000000000000
0000000000000000000000000000000000000000
0000000000000000000000007000000000000000
0000000000100000000000000000000000000000
0000000000000000000000000000000000000000
0000000007000000070001000000000000000000
0077777777000000000000000000000000000000
0000000000000005000000000000000000000000
0000000000000000000000707700000000000000
0000007077999999997707000000000000000000
0000000000000000000000000000000000000000
0070000000000000000000000000000007000000
0000000000007097999999999999990700000000
0000000000000000000000000000000000000000
0000000000000000101111110100000000000000
0000000000000000000097999988989999999999
0000000000000000000000000000000000000000
0000000000000000000000107177777717010000
0000000000000000000000000070999989888899
9999999909000000007000000000000000000000
0000000000000000000000000000007177777777
7717000000000000000000000000000000979999
8988889999888888990000000000000000000000
0000000070000000000000000000000000001077
7777777777770100000000000000000500000000
7099999989888899898888889809000000000000
0000000000000000700000000000000000000000
0000717777777777777701000000000000000000
0000000070999999998898998888888888090000
0000000000000000000000701777000000000004
0000000000007177777777177177170000000000
0000000000000000979999999999999988888888
8899000000000000000000000000000070000000
0000404600000000001077771771771771771700
00000000000000000000000097999999bbbb9989
8888888888980000000000000000000000000000
7000000000004046100000000010777717717777
77777701000000000000000000000000999999b9
bbbb9b8988888888889800000000005000000000
0000000000000000000040460000000000717777
7777111177777701000000000000000000000070
999999b9bbbb8b88888888888898090000000000
0000000000000000000000000000404600000000
0071777777171111777717110000000000000000
00000070998988b89bbb8b888888888888880900
0000000000000000000000000000000000004046
0000000000717777771771777777777701000000
0000000000000070998888b8bbbb8b8888888888
8888090000000000000000000040000000000007
0000404600000004007111777717117177777777
17000000000000000000007089888888bbbb8888
bbbb888888880900000000000000000000640400
0000000000004046000040460071777177171171
7777777117000000000000000000009089888888
888888b8bbbb9b88888809000001000000000007
0064040000000000000040430000640400717717
7777777777777711170000000000000000000090
89888888888888b9bbb9bb998888090000000000
0000000000404600000000000000404300444600
0071771777777777777777011100050000000000
0000009089888888888898b9bbbbbb9989980900
0000000000000000004063040000000000003404
4033040000711177717777777777770100000000
00000000000000908988888888889899bbbb7b99
9998090000000000000000000000344600000000
0040430034444404007177717177777777771700
0000000000000000000000008988888888b8bb9b
b7bb777799990000000000000000000000004063
0400000000404344430064430410771771777777
7777110000000000000000000001000089888888
88bbbbbb77777777799900000000000000004044
4400003446000000004033330400343346107777
7777777777771700000000000000000000000000
9988888888bbbbbb777777777999700000000000
0000646666444434460000000034634400003466
4300717777777777777777010000000000000000
000000009088888888bbbbbb7b77777777097707
0000000000004044333333336304000000344600
0000406443007177777777777777771711000000
00000000000000009089888888b8bbbb7b777777
9709700000000000000000403344444463460000
0034460000000040040010777777777777777777
1701000000000000000000000099888888b8bbbb
7b77777799000000000000000000403443000000
3466040000344600070000000000007177777777
7777777777170000000000000000000000909988
8888bbbb77777797090000000000000000003443
0400000040630400003446707700000000000010
7777777777177177771700000000000000000000
0000999988888899797777990000000000000000
0000440400000000003446000034460007000000
0000000011777777170110717717000000000000
0000000000009099999999997797990900000000
0000000000400000000000000040630400344600
0000000000000000001111110100001071170000
0000000022000000000000909979777777990900
0000000000000000c04ccc000000000000003446
0434460000000000000000000000000000000000
1077010000000020220002200022000000999999
9900000000000000000000001ccccc0c00000000
0000406346344600000000000000000000000000
0000000000711700000000222202222200220200
000000000000000000000000000000c0c1cccccc
0000000000000034663446000000000040040000
0000000000000000001011010000002222222727
20222200000000000000000000000000000000c0
d1ccdccc00000000000000406336460000000000
3443040000000000000000000000000000002022
0222222222222202000000000000000000000000
000000c0dccdddcc004000000000000034334600
0000000044644300000000000007000000000000
0000200202025522202020020000000000000000
00000000000000c0cccccccc0064040000000000
4033460000000040004046000000000000000000
0000000000002000000052220000000200000000
000000000000000000000000cccccc0c00404600
00000000003446000000e04eee00640400000000
0000000000000000000000000000552200000000
00000000000000000000000000000000d0dcdc00
00404600000000000040630400005eeeee0e4046
0000000000000000000000000000000000002202
0000000000020002200200000000000000000000
0000004444006404000000000040344600e0e5ee
eeee006404000000000000000000000000000000
0000200000000022002220022022020070000000
0000000000004066664440460400000000003446
00e0f5eefeee0034740000000000001011110100
0000000000000000000022220022220222222200
7707000000000000000000443433446346444444
4444344600e0feefffee00340400000000001071
1771170100000000000000000020222202727222
2222220070000000000000000000000040343333
333333333333334600e0eeeeeeee006404000000
0000717717717717000000000000000000202222
2222222222222202000000000000000000000500
0040444433434444444434630400eeeeee0e4046
0000000000101771777777770100000000000000
0022222222225522020220020000000000000000
000000000000004033040000000040334600f0fe
fe00404300000000001017711171777717000000
0000000000220002022225020200000200000000
0000070000000000000000344300000000000034
6304000000004046000000000071777711777777
1700000000000000000200000022550200000000
0000000000000700000000000000404304000000
0000704033460000000064040000000000717777
1171777777010000000000000000000000222202
0000000000000000007771070000000000003404
0070000000000000346304000000344600000004
0071777777777777770100000000000000000000
0000220000000000000000000000070000000000
0040430000000000000000004063040000004043
0000444600717777777777777701000000000000
0000000000002000000000000000000000000700
0000000000000400000000000000000040630400
7000404300443463441077777777777777010000
0000070000000000000000000000000000000000
0000000000000000000000000000000000000000
4063040077074063443343446614777777777777
7701000000707700000000000000000000000000
0000000000000000000000000000000000000000
0000000040630400700040363344040064047177
7777777777010000000007000000000000000000
0000000000000000000000000000000000000000
0000000000000000406304000000403644000040
4600717777777777770100000000000000000000
0000000000001000000000000000000000202200
0000000000000000000000014063040000006443
0000003433041077777777771700000000000000
0000000000000000000022220000000020220200
0052552200000000000000222200000040630400
0000340400000064331411777777777717001000
0000000000000000000000000020444422000000
4244240020555555020007000000225555020000
4063040000404300000000346374777177777777
0100000022000000000000002002000000426666
2400002064664602205525522500000000205555
5525000040630400406443070000006466747777
7777771700000000320200000000000032020000
0042566524000020645546025255a25a55020000
0052552555250200406304006436040000000041
4611717777771711000000222023000000000020
232002000042566522222222625546025255a2aa
550200000052a5aa525502074063044036430000
0000007104001171771711000000003222230000
0000072023320200004266224444444424624602
525522a25a2500002055aa225255020040630464
4304000000000011000000111111000000000020
2323000000000020232300000020244444444444
44242200525502205a25000020a52a0052550200
4063443604000000000000010000000000000000
0000202233230000000000203323220000004224
2222222222440200525502005222222222a20200
5255020034636643000000000000000000000000
0000000000002033332300000000002033332300
0000227277777777772200002022002022555555
5525220052550200346333040000000000000044
4400000000000000000000222233020000000032
2322020000007227727727727727000000002052
5555555555555502202200003433430000000000
00004066660400008008dddd0000222200322322
2222223302202202002077277277277277770200
000052f55f55555555f55f250000000034334300
0000005000004033630400000088cdcc0d004244
0222224444442422024244020020777727227277
77770200002055fee755effe557eef5502000000
343304000000000000000034460000000080cd7c
0700425524424444444444442254450222227777
5255257777770200002055feef55e55e55feef55
0200000034660000000000000000003446000000
8088cd2777004255464444444444444444564502
722777772722257777772222005255e55e555555
55e55e5525000000344600000000000000004044
4404000000ddcc77770020644644444444444444
446624002277777777222a777777772700525555
5555555555555555250400003446000000000044
444484888848444444cdcc7c0700004244444444
44444444444402000072777777222a7777777722
0052555555555555555555552543000034460000
000044848848b8bbbb8b848848d4ccdc00000042
4444242222222222444402000020777777222a77
7777220000525555222222222252555525340400
3446000000444b88bb84bbbbbbbb48bb8bb4dd0d
0000004244227227727777224244020000207777
27222a7777772200002055222277772772272255
023404003446000040b884bbbb84bbbbbbbb48bb
bb48820200000042447277277277772227440200
0020777752a52a77777702000000227722777727
727777220240430034460000844bb8bb8bbbbbbb
bbbbbbb8bb2b2448000000422477777777222277
7742020000007277272272777727000000007277
77222277777777770200340434460040b84bb8bb
8bbbbbbbbbbbbbb8bb8bb48b0400004224777777
275a557277420270000022222222222222220000
0000727727555572777777770200404334460040
b884bbbb4bbbbbbbbbbbbbb4bbbb488b04000020
72777777272a2277772700000020892288288288
22880200000072777722a2727777777702000034
33460084bb84bbbbb4b4bbbbbbbb4b4bbbbb48bb
4800002077727777272a22777727020000208922
8828828822880200002072777722a27277772777
02000040334600844bb8bb4b884bbbbbbbbb84b8
b4bb8bb4480000202777727727aa557277272700
000092228828828822280000007272772755aa72
7727777202000000344600844bb8bb4b7748bbbb
bbbb7487b4bb8bb4480000202727777777222277
7727270000002022222222222202000000727277
772222777777727202000000404600844bb8bb74
77b8b4bbbb4b77874bbb8bb44800002027727777
7777777777270200000020220000000022020000
0020227777777777777727720200000040460084
4bb8bb444444b44bb44b444444bb8bb448000000
7277777777777777770200000000200200000000
2000000001002077777777777777772700000000
404600844bb8bbbb8bbbbb8448bbbbb8bbbb8bb4
4800002022222222222222222202000000000000
0000000000000000000020222222222222222222
02000000404600844bb84bb48bbb4b4444b4bbb8
4bb48bb448000020882822882822882822290000
0000000000000000000000000000922282882282
8822828802000000404600844bb84b488bbbbbbb
bbbbbbb884b48bb4480000208828228828228828
2229000000000000000000000000000000009222
828822828822828802000000404600844bb84b78
44b84b4444b48b4487b48bb44800002088282288
2822882822290000000000000000000000000000
0000922282882282882282880200000034460084
bb84bb8447b84b7777b48b7448bb48bb48000000
8228228828228828220200000000000000000000
0000000000002022828822828822822800000000
34460040b884bbb488448488884844884bbb488b
0400000020222288282288222200000000000000
0000000000000000000000222288228288222202
0000000034460040884bb84bbb888844448888bb
b48bb48804000000002022222222222200000000
0000000000000000000000000000000022222222
222202000000000034460000844bb8bb44bb4bbb
bbb4bb44bb8bb448000000000000220200002202
0000000000000000000000000000000000000000
2022000020220000000000403346000040b884bb
bb4444bbbb4444bbbb488b040000334444442244
4444242244343333333333434444444444333333
3333434422424444442244444433334333433333
44444bb8bbbbbbbbbbbbbbbb8bb4444444333333
4444444444444444443333333333333344444444
3433333333333344444444444444444434333333
33333333434444b4bbbbb4bbbb4bbbbb4b444444
3433333333444444444444443333333333333333
3333333333333333333333334444444444444434
3333333333333333334344444444444444444444
4444444433333333333333333333333333333333
3333333333333333333333333333333333333333
3333333333333333333333333333434444444444
4444444444444433333333333333333333333333
3333333333333333333333333333333333333333
3333333333333333333333333333333333333343
4444444444444444443433333333333333333333
3333333333333333333333333333333333333333
3333333333333333333333333333333333333333
3333333333333333333333333333333333333333
3333333333333333333333333333333333333333
3333333333333333333333333333333333333333
3333333333333333333333333333333333333333
3333333333333333333333333333333333333333
3333333333333333333333333333333333333333
3333333333333333333333333333333333333333
3333333333333333333333333333333333333333
3333333333333333333333333333333333333333
3333333333333333333333333333333333333333
3333333333333333333333333333333333333333
3333333333333333333333333333333333333333
3333333333333333333333333333333333333333
3333333333333333333333333333333333333333
3333333333333333333333333333333333333333
3333333333333333333333333333333333333333
3333333333333333333333333333333333333333
3333333333333333333333333333333333333333
3333333333333333333333333333333333333333
3333333333333333333333333333333333333333
3333333333333333333333333333333333333333
3333333333333333333333333333333333333333
3333663633333333333333333333333333333333
3333333333333333333333333333333333333333
3333333333333333333333333333333333333333
3333333366663666663333333333333333333333
3333333333333333333333333333333333333333
3333333333333333333333333333333333333333
3333333333333366363333336336333333333333
3333333333333333333333333333333333333333
3333333333333333333333333333333333333333
3333333333333333333333363333333333663333
3333333333333333333333333333333333333333
3333333333333333333333333333333333333333
3333333333333333333333333333333333333333
3333333333333333333333333333333333333333
3333333333333333333333333333333333333333
3333333333333333333333333333333333333333
3333333333333333333333333333333333333333
3333333333333333333333333333333333333333
3333333333333333333333333333333333333333
3333333333333333333333333333333333333333
3333333333333333333333333333333333333333
3333333333333333333333333333333333333333
3333333333333333333333333333333333333333
3333333333333333333333333333333333333363
3633333333333333333333333333333333333333
3333333333333333333333333333333333333333
3333333333333333333333333333333333333333
3333633666333333333333333333333333333333
3333333333333333333333333333333333333333
3333333333333333333333333333333333333333
3333333333666633636633333333333333333333
3333333333333333333333333333333333333333
3333333333333333333333333333333333333333
3333333333333333333633333333333333333333
3333333333333333333333333333333333333333
3333333333333333333333333333333333333333
3333333333333333333333333333333333333333
3333333333333333333333333333333333333333
3333333333333333333333333333333333333333
3333333333333333333333333333333333333333
3333333333333333333333333333333333333333
3333333333333333333333333333333333333333
3333333333333333333333333333333333333333
3333333333333333333333333333333333333333
3333333333333333333333333333333333333333
3333333333333333333333333333333333333333
3333333333333333333333333333333333333333
3333333333333333333333333333333333333333
3333333333333333333333333333333333333333
3333333333333333333333333333333333333333
3333333333333333333333333333333333333333
3333333333333333333333333333333333333333
3333333333333333333333333333333333333333
3333333333333333333333333333333333333333
3333333333333333333333333333333333333333
3333333333333333333333333333333333333333
3333333333333333333333333333333333333333
3333333333333333333333333333333333333333
3333333333333333333333333333333333333333
3333333333333333333333333333333333333333
3333333333333333333333333333333333333333
3333333333333333333333333333333333333333
3333333333333333333333333333336336333333
3333333333333333333333333333333333333333
3333333333333333333333333333333333333333
3333333333333333333333333333333333333366
6366333333333333333333333333333333333333
3333333333333333333333333333333333333333
3333336336336636333333333333333333333333
3333663333336633333333333333333333333333
3333333333333333333333333333333333333333
3333333333336336666636333333333333333333
3333333333333333333333333333333333333333
3333333333333333333333333333333333333333
3333333333333333333333333333333333333333
3333333333333333333333333333333333333333
3333333333333333333333333333333333333333
3333333333333333333333333333333333333333
3333333333333333333333333333333333333333
3333333333333333333333333333333333333333
3333333333333333333333333333333333333333
3333333333333333333333333333333333333333
3333333333333333333333333333333333333333
3333333333333333333333333333333333333333
3333333333333333333333333333333333333333
3333333333333333333333333333333333333333
3333333333333333333333333333333333333333
3333333333333333333333333333000000002b55
f0cd
f08e0d
