54414d41474f0000000000000000000000000000
0000000000000000000000000000000000000000
0000000000000000000000000000000000000000
0000000000000000000000003c23000017000000
00007c68489775a64e99000000003a0000000000
0000000000000000000000000000000000000000
0000000000000000000000000000000000000000
0000000000000000000000000000000000000000
0000000000000000000000000000000000000000
0000000000000003a40100000000000000000000
0000000000000000000000000001000000000000
0000000000000000000000000000000000000000
0000000000000000000000001000010402000000
010000002a22000054414d41474f000000000000
0000000000000000000000000000000000000000
000000000000000000000000000000000000222a
746731395f626734323036390000000000000000
0000222a030181071f000000000000000000a455
000004ee04f604ed04e404e3046e000000000000
00000000000001a4000000000000000000000000
0000000000000000000000000000000000000000
0000000000000000000000000000000000000000
0000000000000000000000000000000000000000
0000000000000000000000000000000000000000
0000000000000000000000000000000000000000
0000000000000000000000000000000000000000
0000000000000000000000000000000000000000
0000000000000000000000000000000000000000
0000000000000000000000000000000000000000
0000000000000000000000000000000000000000
0000000000000000000000000000000000000000
0000000000000000000000000000000000000000
0000000000000000000000000000000000000000
0000000000000000000000000000000000000000
0000000000000000000000000000000000000000
0000000000000000000000000000000000000000
0000000000000000000000000000000000000000
0000000000000000000000000000000000000000
0000000000000000000000000000000000000000
0000000000000000000000000001202480800f01
00ffc618ffff9eff54df239f75df225e20fe9a5d
bb9dfefe739edddedcde70fd0011111111111111
1111111111111111111111111111111111111111
1111111111111111111111111111111111111111
1111111111111111111111111111111110111111
1111111111111111111111111111111111111111
1111111111111111111111111111111111111111
1111111111111111111111111111111111111111
1111111111111111111111111111111111111111
1111111111111111111111111111111111111111
1111111111111111111111111111111111111111
1111111111111111111111111111111111111111
1111111111111111111111111111111111111111
1111111111111111111111111111111111111111
1111111111111111111111111111111111111111
1111111111111111111111111111111111111111
1111111111111111111111111111111111111111
1111111111111111111111111111111111111111
1111111111111111111111111111111111111111
1111111111111111111111111111111111111111
1111111111111111111111111111111111111111
1111111111111111111111111111111111111111
1111111111111111111111111111111111111111
1111111111111111111111111111111111111111
1111111111111111111111111111111111111111
1111111111111111111111111111111111111111
1111111111111111111111111111111111111111
1111111111111111111111111111111111111111
1111111111111111111111111111111111111111
1111111111111111111111111111111111111111
1111111111111111111111111111111111111111
1111111111111111111111111111111111111111
1111111111111111111111111111111111111111
1111111111111111111111111111111111111111
1111111111111111111111111111111111111111
1111111111111111111111111111111111111111
1111111111111111111111111111111111111111
1111111111111111111111717777777777777777
7777777777771111111111111111111111111111
1111111111111111111111111111111111111111
1111111111111111111111111111717777777777
7777777777777777777777111111111111111111
1111111111111111111111111111111111111111
1111111111111111111111111111111111717777
7777777777777777777777777777777777111111
1111111111111111111111111111111111111111
1111111111111111111111111111111111111111
1177777777777777777777777777777777777777
7777171111111111111111111111111111111111
1111111111111111111111111111111111111111
1111111171777777171111111111111111111111
1111777777777777111111111111111111111111
1111111111111111111111111111111111111111
1111111111111111117777111111111111111111
1111111111117177777777777777771111111111
1111111111111111111111111111111111111111
1111111111111111111111111111111111111111
1111111111111111111111117177777777777777
7717111111111111111111111111111111111111
1111111111111111111111111111111111111111
1111111111111111111111111111111111117177
7777777777777777111111111111111111111111
1111111111111111111111111111111111111111
1111111111111111111111111111111111111111
1111111177777777777777777711111111111111
1111111111111111111111111111111111111111
1111111111111111111111111111111111111111
1111111111111111111111777777777777771111
1111111111111111111111111111111111111111
1111111111111111111111111111111111111111
1111111111111111111111111111111111717777
7777171111111111111111111111111111111111
1111111111111111111111111111111111111111
1111111111111111111111111111111111111111
1111111177777717111111111111111111111111
1111111111111111111111111111111111111111
1111111111111111111111111111111111111111
1111117717111111717777771111111111111111
1111111111111111111111111111111111111111
1111111111111111111111111111111111111111
1111111111117177171111111177777717111111
1111111111111111111111111111111111111111
1111111111111111111111111111111111111111
1111111111111111111177771711111111117777
1711111111111111111111111111111111111111
1111111111111111111111111111111111111111
1111111111111111111111111171777717111111
1111717777111111111111111111111111111111
1111111111111111111111111111111111111111
1111111111111111111111111111111111717777
1111111111117177771711111111111111111111
1111111111111111111111111111111111111111
1111111111111111111111111111111111111111
1177771711111111111111777717111111111111
1111111111111111111111111111111111111111
1111111111111111111111111111111111111111
1111111111777717111111111111117177171111
1111111111111111111111111111111111111111
1111111111111111111111111111111111111111
1111111111111111117777111111111111111171
7717111111111111111111111111111111111111
1111111111111111111111111111111111111111
1111111111111111111111111177771111111111
1111117177171111111111111111111111111111
1111111111111111111111111111117777777777
7777777777171111111111111111111111777711
1111111111111171771711111111111111111111
1111111111111111111111111111111111117177
7777777777777777777777771711111111111111
1177771111111111111111717717111111111111
1111111111111111111111111111111111111111
1111717777777777777777777777777777771711
1111111111777711111111111111117177171111
1111111111111111111111111111111111111111
1111111111111177777777777777777777777777
7777777777777777777777111111111111117177
7717111111111111111111111111111111111111
1111111111111111111111111111111111111177
7777777777777777777777777777771111111111
7777777777171111111111111111111111111111
1111111111111111111111111111111111111111
1111117777171111777777777777777777777777
7777777777777777771711111111111111111111
1111111111111111111111111111111111771711
1111111111111171771711111177777777777777
7777777777777777777777777717111111111111
1111111111111111111111111111111111111111
7177171111111111111111717717111111777717
1111111171777777777777777777771111111111
1111111111111111111111111111111111111111
1111111171771711111111111111117177171111
1171771711111111117177777777777717111111
1111111111111111111111111111111111111111
1111111111111111777717111111111111111171
7717111111717717111111111111111111111111
1111111111111111111111111111111111111111
1111111111111111111111117777111111111111
1111117177171111117177171111111111111111
1111111111111111111111111111111111111111
1111111111111111111111111111117177771111
1111111111111171771711111171771711111111
1111111111111111111111111111111111111111
1111111111111111111111111111111111111171
7777111111111111111111717717111111717717
1111111111111111111111111111111111111111
1111111111111111111111111111111111111111
1111117177171111111111111111117177171111
1171771711111111111111111111111111111111
1111111111111111111111111111111111111111
1111111111111171771711111111111111111171
7717111111717717111111111111111111111111
1111111111111111111111111111111111111111
1111111111111111111111717717111111111111
1111117777171111117177171111111111111111
1111111111111111111111111111111111111111
1111111111111111111111111111117177771111
1111111111117177771111111171771711111111
1111111111111111111111111111111111111111
1111111111111111111111111111111111111171
7777171111111111111177777711111111717717
1111111111111111111111111111111111111111
1111111111111111111111111111111111111111
1111111177777711111111111111777777111111
1171771711111111111111111111111111111111
1111111111111111111111111111111111111111
1111111111111111717777771111111111117777
1711111111717717111111111111111111111111
1111111111111111111111111111111111111111
1111111111111111111111111177777717111111
1111777717111111117177171111111111111111
1111111111111111111111111111111111111111
1111111111111111111111111111111111117777
7777777777777777111111111177771711111111
1111111111111111111111111111111111111111
1111111111111111111111111111111111111111
1111717777777777777777771711117177777717
1111111111111111111111111111111111111111
1111111111111111111111111111111111111111
1111111111111171777777777777777777777777
7777771111111111111111111111111111111111
1111111111111111111111111111111111111111
1111111111111111111111117177777777777777
7777777777771711111111111111111111111111
1111111111111111111111111111111111111111
1111111111111111111111111111111111111111
1111117777777777771711111111111111111111
1111111111111111111111111111111111111111
1111111111111111111111111111111111111111
1111111111111171777777771711111111111111
1111111111111111111111111111111111111111
1111111111111111111111111111111111111111
1111111111111111111111111111111111111111
1111111111111111111111111111111111111111
1111111111111111111111111111111111111111
1111111111111111111111111111111111111111
1111111111111111111111111111111111111111
1111111111111111111111111111111111111111
1111111111111111111111111111111111111111
1111111111111111111111111111111111111111
1111111111111111111111111111111111111111
1111111111111111111111111111111111111111
1111111111111111111111111111111111111111
1111111111111111111111111111111111111111
111111111111111111111121647777961c111111
7677771a114177779711117277771e617777d711
11117277771e116177777777777777771c117477
77777777961a1111111111111111517677777777
771c11117477771c11717777e711117577771961
7777e71a11117277771e11617777777777777777
1c11747777777777779711111111111111117477
77777777779711117377771d11727777771c1173
77771d617777771811117277771e116177777777
777777771c1174777777777777771e1111111111
1131777777777777777719117277771911737777
771d117477771c61777777d711117277771e1161
77777777777777771c1174777777777777778711
1111111111757777777777777777c7117177771e
117477777718117677e71161777777e711117277
771e116177777777777777771c11747777777777
7777771d1111111111767777871a217477778711
617777ae1177777777ae11777787116177777777
19117277771e11617777d7111111111111117477
771911b277777718111111112177777719111141
7777771a317777c75177777777c7217777971161
77777777c7117277771e11617777d71111111111
1111747777191111747777ae1111111131777777
1a1111217777771d517777d73177777777975177
77d7116177777777e7117277771e11617777d711
111111111111747777191111727777c711111111
417777871111111176777719217777976177777b
7787417777ae11617777777777197277771e1161
77777777777777971111747777191111717777d7
1111111141777787111111117477771911767787
7277e77177e76a77771e11617777be7777c77277
771e116177777777777777971111747777191111
6177779711111111417777971111111174777719
117477e77377874177777d77771811617777ae76
77e77277771e1161777777777777779711117477
7719111161777797111111114177778711111111
74777719117377e77677d73177777677771d1161
7777ae7577777677771e11617777777777777797
1111747777191111617777971111111141777787
1111111176777719117577777777ae2177777777
771c11617777ae4177777777771e116177777777
777777971111747777191111617777d711111111
317777771a1111217777771d1171777777771e11
76777777e71a11617777ae1177777777771e1161
7777d711111111111111747777191111717777d7
1111111121777777191111417777771a11617777
7777191174777777871111617777ae1175777777
771e11617777d711111111111111747777191111
737777c71111111111767777871a217477778711
1141777777771c1175777777971111617777ae11
41777777771e11617777d7111111111111117477
7719113a7777771e111111111175777777777777
7777c7111151777777e71a1171777777d7111161
7777ae1111777777771e11617777777777777777
19117477777777777777771d1111111111317777
7777777777771911112177777787111161777777
ae1111617777ae1111757777771e116177777777
7777777719117477777777777777871111111111
1111747777777777779711111111777777971111
317777771e1111617777ae1111417777771e1161
7777777777777777191174777777777777771e11
111111111111517777777777771c111111117477
77c7111121777777181111617777ae1111217777
771e116177777777777777771911747777777777
779711111111111111111151647777b61c111111
11117377771e111111777777191111617777ae11
11117377771e1161777777777777777719117477
777777e7d81a1111111111111111111111111111
1111111111111111111111111111111111111111
1111111111111111111111111111111111111111
1111111111111111111111111111111111111111
1111111111111111111111111111111111111111
1111111111111111111111111111111111111111
1111111111111111111111111111111111111111
1111111111111111111111111111111111111111
1111111111111111111111111111111111111111
1111111111111111111111111111111111111111
1111111111111111111111111111111111111111
1111111111111111111111111111111111111111
1111111111111111111111111111111111111111
1111111111111111111111111111111111111111
1111111111111111111111111111111111111111
1111111111111111111111111111111111111111
1111111111111111111111111111111111111111
1111111111111111111111111111111111111111
1111111111111111111111111111111111111111
1111111111111111111111111111111111111111
1111111111111111111111111111111111111111
1111111111111111111111111111111111111111
1111111111111111111111111111111111111111
1111111111111111111111111111111111111111
1111111111111111111111111111111111111111
1111111111111111111111111111111111111111
1111111111111111111111111111111111111111
1111111111111111111111111111111111111111
1111111111111111111111111111111111111111
1111111111111111111111111111111111111111
1111111111111111111111111111111111111111
1111111111111111111111111111111111111111
1111111111111111111111111111111111111111
1111111111111111111111111111111111111111
1111111111111111111111111111111111111111
1111111111111111111111111111111111111111
1111111111111111111111111111111111111111
1111111111111111111111111111111111111111
1111111111111111111111111111111111111111
1111111111111111111111111111111111111111
1111111111111111111111111111111111111111
1111111111111111111111111111111111111111
1111111111111111111111111111111111111111
1111111111111111111111111111111111111111
1111111111111111111111111111111111111111
1111111111111111111111111111111111111111
1111111111111111111111111111111111111111
1111111111111111111111111111111111111111
1111111111111111111111111111111111111111
1111111111111111111111111111111111111111
1111111111111111111111111111111111111111
1111111111111111111111111111111111111111
1111111111111111111111111111111111111111
1111111111111111111111111111111111111111
1111111111111111111111111111111111111111
1111111111111111111111111111111111111111
1111111111111111111111111111111111111111
1111111111111111111111111111111111111111
1111111111111111111111111111111111111111
1111111111111111111111111111111111111111
1111111111111111111111111111111111111111
1111111111111111111111111111111111111111
1111111111111111111111111111111111111111
1111111111111111111111111111111111111111
1111111111111111111111111111111111111111
1111111111111111111111111111111111111111
1111111111111111111111111111111111111111
1111111111111111111111111111111111111111
1111111111111111111111111111111111111111
1111111111111111111111111111111111111111
1111111111111111111111111111111111111111
1111111111111111111111111111111111111111
1111111111111111111111111111111111111111
1111111111111111111111111111111111111111
1111111111111111111111111111111111111111
1111111111111111111111111111111111111111
1111111111111111111111111111111111111111
1111111111111111111111111111111111111111
1111111111111111111111111111111111111111
1111111111111111111111111111111111111111
1111111111111111111111111111111111111111
1111111111111111111111111111111111111111
1111111111111111111111111111111111111111
1111111111111111111111111111111111111111
1111111111111111111111111111111111111111
1111111111111111111111111111111111111111
1111111111111111111111111111111111111111
1111111111111111111111111111111111111111
1111111111111111111111111111111111111111
1111111111111111111111111111111111111111
1111111111111111111111111111111111111111
1111111111111111111111111111111111111111
1111111111111111111111111111111111111111
1111111111111111111111111111111111111111
1111111111111111111111111111111111111111
1111111111111111111111111111111111111111
1111111111111111111111111111111111111111
1111111111111111111111111111111111111111
1111111111111111111111111111111111111111
1111111111111111111111111111111111111111
1111111111111111111111111111111111111111
1111111111111111111111111111111111111111
1111111111111111111111111111111111111111
1111111111111111111111111111111111111111
1111111111111111111111111111111111111111
1111111111111111111111111111111111111111
1111111111111111111111111111111111111111
1111111111111111111111111111111111111111
1111111111111111111111111111111111111111
1111111111111111111111111111111111111111
1111111111111111111111111111111111111111
1111111111111111111111111111111111111111
1111111111111111111111111111111111111111
1111111111111111111111111111111111111111
1111111111111111111111111111111111111111
1111111111111111111111111111111111111111
1111111111111111111111111111111111111111
1111111111111111111111111111111111111111
1111111111111111111111111111111111111111
1111111111111111111111111111111111111111
1111111111111111111111111111111111111111
1111111111111111111111111111111111111111
1111111111111111111111111111111111111111
1111111111111111111111111111111111111111
1111111111111111111111111111111111111111
1111111111111111111111111111111111111111
1111111111111111111111111111111111111111
1111111111111111111111111111111111111111
1111111111111111111111111111111111111111
1111111111111111111111111111111111111111
1111111111111111111111111111111111111111
1111111111111111111111111111111111111111
1111111111111111111111111111111111111111
1111111111111111111111111111111111111111
1111111111111111111111111111111111111111
1111111111111111111111111111111111111111
1111111111111111111111111111111111111111
1111111111111111111111111111111111111111
1111111111111111111111111111111111111111
1111111111111111111111111111111111111111
1111111111111111111111111111111111111111
111111117672000000000000000000000000957e
f0cd
f08e0d