54414d41474f0000000000000000000000000000
0000000000000000000000000000000000000000
0000000000000000000000000000000000000000
0000000000000000000000003c23000017000000
00007c68489775a64e99000000003a0000000000
0000000000000000000000000000000000000000
0000000000000000000000000000000000000000
0000000000000000000000000000000000000000
0000000000000000000000000000000000000000
0000000000000003a40100000000000000000000
0000000000000000000000000001000000000000
0000000000000000000000000000000000000000
0000000000000000000000001000010402000000
010000002a22000054414d41474f000000000000
0000000000000000000000000000000000000000
000000000000000000000000000000000000222a
746731395f626734323036390000000000000000
0000222a030181071f000000000000000000a455
000004ee04f604ed04e404e3046e000000000000
00000000000001a4000000000000000000000000
0000000000000000000000000000000000000000
0000000000000000000000000000000000000000
0000000000000000000000000000000000000000
0000000000000000000000000000000000000000
0000000000000000000000000000000000000000
0000000000000000000000000000000000000000
0000000000000000000000000000000000000000
0000000000000000000000000000000000000000
0000000000000000000000000000000000000000
0000000000000000000000000000000000000000
0000000000000000000000000000000000000000
0000000000000000000000000000000000000000
0000000000000000000000000000000000000000
0000000000000000000000000000000000000000
0000000000000000000000000000000000000000
0000000000000000000000000000000000000000
0000000000000000000000000000000000000000
0000000000000000000000000000000000000000
0000000000000000000000000000000000000000
0001202480800f0100ffc618ffff9eff54df239f
75df225e20fe9a5dbb9dfefe739edddedcde70fd
0011111111111111111111111111111111111111
1111111111111111111111111111111111111111
1111111111111111111111111111111111111111
1111111110111111111111111111111111111111
1111111111111111111111111111111111111111
1111111111111111111111111111111111111111
1111111111111111111111111111111111111111
1111111111111111111111111111111111111111
1111111111111111111111111111111111111111
1111111111111111111111111111111111111111
1111111111111111111111111111111111111111
1111111111111111111111111111111111111111
1111111111111111111111111111111111111111
1111111111111111111111111111111111111111
1111111111111111111111111111111111111111
1111111111111111111111111111111111111111
1111111111111111111111111111111111111111
1111111111111111111111111111111111111111
1111111111111111111111111111111111111111
1111111111111111111111111111111111111111
1111111111111111111111111111111111111111
1111111111111111111111111111111111111111
1111111111111111111111111111111111111111
1111111111111111111111111111111111111111
1111111111111111111111111111111111111111
1111111111111111111111111111111111111111
1111111111111111111111111111111111111111
1111111111111111111111111111111111111111
1111111111111111111111111111111111111111
1111111111111111111111111111111111111111
1111111111111111111111111111111111111111
1111111111111111111111111111111111111111
1111111111111111111111111111111111111111
1111111111111111111111111111111111111111
1111111111111111111111111111111111111111
1111111111111111111111111111111111111171
7777777777777777777777777777111111111111
1111111111111111111111111111111111111111
1111111111111111111111111111111111111111
1111717777777777777777777777777777777711
1111111111111111111111111111111111111111
1111111111111111111111111111111111111111
1111111111717777777777777777777777777777
7777777777111111111111111111111111111111
1111111111111111111111111111111111111111
1111111111111111117777777777777777777777
7777777777777777777717111111111111111111
1111111111111111111111111111111111111111
1111111111111111111111117177777717111111
1111111111111111111177777777777711111111
1111111111111111111111111111111111111111
1111111111111111111111111111111111777711
1111111111111111111111111111717777777777
7777771111111111111111111111111111111111
1111111111111111111111111111111111111111
1111111111111111111111111111111111111111
7177777777777777771711111111111111111111
1111111111111111111111111111111111111111
1111111111111111111111111111111111111111
1111111111117177777777777777777711111111
1111111111111111111111111111111111111111
1111111111111111111111111111111111111111
1111111111111111111111117777777777777777
7711111111111111111111111111111111111111
1111111111111111111111111111111111111111
1111111111111111111111111111111111111177
7777777777771111111111111111111111111111
1111111111111111111111111111111111111111
1111111111111111111111111111111111111111
1111111111717777777717111111111111111111
1111111111111111111111111111111111111111
1111111111111111111111111111111111111111
1111111111111111111111117777771711111111
1111111111111111111111111111111111111111
1111111111111111111111111111111111111111
1111111111111111111111771711111171777777
1111111111111111111111111111111111111111
1111111111111111111111111111111111111111
1111111111111111111111111111717717111111
1177777717111111111111111111111111111111
1111111111111111111111111111111111111111
1111111111111111111111111111111111117777
1711111111117777171111111111111111111111
1111111111111111111111111111111111111111
1111111111111111111111111111111111111111
1171777717111111111171777711111111111111
1111111111111111111111111111111111111111
1111111111111111111111111111111111111111
1111111111717777111111111111717777171111
1111111111111111111111111111111111111111
1111111111111111111111111111111111111111
1111111111111111117777171111111111111177
7717111111111111111111111111111111111111
1111111111111111111111111111111111111111
1111111111111111111111111177771711111111
1111117177171111111111111111111111111111
1111111111111111111111111111111111111111
1111111111111111111111111111111111777711
1111111111111171771711111111111111111111
1111111111111111111111111111111111111111
1111111111111111111111111111111111111111
1177771111111111111111717717111111111111
1111111111111111111111111111111111111111
1111117777777777777777777717111111111111
1111111111777711111111111111117177171111
1111111111111111111111111111111111111111
1111111111117177777777777777777777777777
1711111111111111117777111111111111111171
7717111111111111111111111111111111111111
1111111111111111111171777777777777777777
7777777777771711111111111177771111111111
1111117177171111111111111111111111111111
1111111111111111111111111111117777777777
7777777777777777777777777777777777777711
1111111111117177771711111111111111111111
1111111111111111111111111111111111111111
1111111111111177777777777777777777777777
7777771111111111777777777717111111111111
1111111111111111111111111111111111111111
1111111111111111111111777717111177777777
7777777777777777777777777777777777171111
1111111111111111111111111111111111111111
1111111111771711111111111111117177171111
1177777777777777777777777777777777777777
7717111111111111111111111111111111111111
1111111111111111717717111111111111111171
7717111111777717111111117177777777777777
7777771111111111111111111111111111111111
1111111111111111111111117177171111111111
1111117177171111117177171111111111717777
7777777717111111111111111111111111111111
1111111111111111111111111111111177771711
1111111111111171771711111171771711111111
1111111111111111111111111111111111111111
1111111111111111111111111111111111111111
7777111111111111111111717717111111717717
1111111111111111111111111111111111111111
1111111111111111111111111111111111111111
1111117177771111111111111111117177171111
1171771711111111111111111111111111111111
1111111111111111111111111111111111111111
1111111111111171777711111111111111111171
7717111111717717111111111111111111111111
1111111111111111111111111111111111111111
1111111111111111111111717717111111111111
1111117177171111117177171111111111111111
1111111111111111111111111111111111111111
1111111111111111111111111111117177171111
1111111111111171771711111171771711111111
1111111111111111111111111111111111111111
1111111111111111111111111111111111111171
7717111111111111111111777717111111717717
1111111111111111111111111111111111111111
1111111111111111111111111111111111111111
1111117177771111111111111111717777111111
1171771711111111111111111111111111111111
1111111111111111111111111111111111111111
1111111111111171777717111111111111117777
7711111111717717111111111111111111111111
1111111111111111111111111111111111111111
1111111111111111111111117777771111111111
1111777777111111117177171111111111111111
1111111111111111111111111111111111111111
1111111111111111111111111111111171777777
1111111111117777171111111171771711111111
1111111111111111111111111111111111111111
1111111111111111111111111111111111111111
1177777717111111111177771711111111717717
1111111111111111111111111111111111111111
1111111111111111111111111111111111111111
1111111111117777777777777777777711111111
1177771711111111111111111111111111111111
1111111111111111111111111111111111111111
1111111111111111111171777777777777777777
1711117177777717111111111111111111111111
1111111111111111111111111111111111111111
1111111111111111111111111111117177777777
7777777777777777777777111111111111111111
1111111111111111111111111111111111111111
1111111111111111111111111111111111111111
7177777777777777777777777777171111111111
1111111111111111111111111111111111111111
1111111111111111111111111111111111111111
1111111111111111111111777777777777171111
1111111111111111111111111111111111111111
1111111111111111111111111111111111111111
1111111111111111111111111111117177777777
1711111111111111111111111111111111111111
1111111111111111111111111111111111111111
1111111111111111111111111111111111111111
1111111111111111111111111111111111111111
1111111111111111111111111111111111111111
1111111111111111111111111111111111111111
1111111111111111111111111111111111111111
1111111111111111111111111111111111111111
1111111111111111111111111111111111111111
1111111111111111111111111111111111111111
1111111111111111111111111111111111111111
1111111111111111111111111111111111111111
1111111111111111111111111111111111111111
1111111111111111111111111111111111111111
1111111111111111111111111111111111111121
647777961c1111117677771a1141777797111172
77771e617777d71111117277771e116177777777
777777771c11747777777777961a111111111111
1111517677777777771c11117477771c11717777
e7111175777719617777e71a11117277771e1161
77777777777777771c1174777777777777971111
111111111111747777777777779711117377771d
11727777771c117377771d617777771811117277
771e116177777777777777771c11747777777777
77771e1111111111113177777777777777771911
7277771911737777771d117477771c61777777d7
11117277771e116177777777777777771c117477
7777777777778711111111111175777777777777
7777c7117177771e117477777718117677e71161
777777e711117277771e11617777777777777777
1c117477777777777777771d1111111111767777
871a217477778711617777ae1177777777ae1177
778711617777777719117277771e11617777d711
1111111111117477771911b27777771811111111
21777777191111417777771a317777c751777777
77c721777797116177777777c7117277771e1161
7777d711111111111111747777191111747777ae
11111111317777771a1111217777771d517777d7
317777777797517777d7116177777777e7117277
771e11617777d711111111111111747777191111
727777c711111111417777871111111176777719
217777976177777b7787417777ae116177777777
77197277771e1161777777777777779711117477
77191111717777d7111111114177778711111111
74777719117677877277e77177e76a77771e1161
7777be7777c77277771e11617777777777777797
1111747777191111617777971111111141777797
1111111174777719117477e77377874177777d77
771811617777ae7677e77277771e116177777777
7777779711117477771911116177779711111111
417777871111111174777719117377e77677d731
77777677771d11617777ae7577777677771e1161
7777777777777797111174777719111161777797
1111111141777787111111117677771911757777
7777ae2177777777771c11617777ae4177777777
771e116177777777777777971111747777191111
617777d711111111317777771a1111217777771d
1171777777771e1176777777e71a11617777ae11
77777777771e11617777d7111111111111117477
77191111717777d7111111112177777719111141
7777771a11617777777719117477777787111161
7777ae1175777777771e11617777d71111111111
1111747777191111737777c71111111111767777
871a2174777787111141777777771c1175777777
971111617777ae1141777777771e11617777d711
11111111111174777719113a7777771e11111111
11757777777777777777c7111151777777e71a11
71777777d71111617777ae1111777777771e1161
777777777777777719117477777777777777771d
1111111111317777777777777777191111217777
7787111161777777ae1111617777ae1111757777
771e116177777777777777771911747777777777
7777871111111111111174777777777777971111
1111777777971111317777771e1111617777ae11
11417777771e1161777777777777777719117477
7777777777771e11111111111111517777777777
771c11111111747777c711112177777718111161
7777ae1111217777771e11617777777777777777
1911747777777777779711111111111111111151
647777b61c11111111117377771e111111777777
191111617777ae1111117377771e116177777777
7777777719117477777777e7d81a111111111111
1111111111111111111111111111111111111111
1111111111111111111111111111111111111111
1111111111111111111111111111111111111111
1111111111111111111111111111111111111111
1111111111111111111111111111111111111111
1111111111111111111111111111111111111111
1111111111111111111111111111111111111111
1111111111111111111111111111111111111111
1111111111111111111111111111111111111111
1111111111111111111111111111111111111111
1111111111111111111111111111111111111111
1111111111111111111111111111111111111111
1111111111111111111111111111111111111111
1111111111111111111111111111111111111111
1111111111111111111111111111111111111111
1111111111111111111111111111111111111111
1111111111111111111111111111111111111111
1111111111111111111111111111111111111111
1111111111111111111111111111111111111111
1111111111111111111111111111111111111111
1111111111111111111111111111111111111111
1111111111111111111111111111111111111111
1111111111111111111111111111111111111111
1111111111111111111111111111111111111111
1111111111111111111111111111111111111111
1111111111111111111111111111111111111111
1111111111111111111111111111111111111111
1111111111111111111111111111111111111111
1111111111111111111111111111111111111111
1111111111111111111111111111111111111111
1111111111111111111111111111111111111111
1111111111111111111111111111111111111111
1111111111111111111111111111111111111111
1111111111111111111111111111111111111111
1111111111111111111111111111111111111111
1111111111111111111111111111111111111111
1111111111111111111111111111111111111111
1111111111111111111111111111111111111111
1111111111111111111111111111111111111111
1111111111111111111111111111111111111111
1111111111111111111111111111111111111111
1111111111111111111111111111111111111111
1111111111111111111111111111111111111111
1111111111111111111111111111111111111111
1111111111111111111111111111111111111111
1111111111111111111111111111111111111111
1111111111111111111111111111111111111111
1111111111111111111111111111111111111111
1111111111111111111111111111111111111111
1111111111111111111111111111111111111111
1111111111111111111111111111111111111111
1111111111111111111111111111111111111111
1111111111111111111111111111111111111111
1111111111111111111111111111111111111111
1111111111111111111111111111111111111111
1111111111111111111111111111111111111111
1111111111111111111111111111111111111111
1111111111111111111111111111111111111111
1111111111111111111111111111111111111111
1111111111111111111111111111111111111111
1111111111111111111111111111111111111111
1111111111111111111111111111111111111111
1111111111111111111111111111111111111111
1111111111111111111111111111111111111111
1111111111111111111111111111111111111111
1111111111111111111111111111111111111111
1111111111111111111111111111111111111111
1111111111111111111111111111111111111111
1111111111111111111111111111111111111111
1111111111111111111111111111111111111111
1111111111111111111111111111111111111111
1111111111111111111111111111111111111111
1111111111111111111111111111111111111111
1111111111111111111111111111111111111111
1111111111111111111111111111111111111111
1111111111111111111111111111111111111111
1111111111111111111111111111111111111111
1111111111111111111111111111111111111111
1111111111111111111111111111111111111111
1111111111111111111111111111111111111111
1111111111111111111111111111111111111111
1111111111111111111111111111111111111111
1111111111111111111111111111111111111111
1111111111111111111111111111111111111111
1111111111111111111111111111111111111111
1111111111111111111111111111111111111111
1111111111111111111111111111111111111111
1111111111111111111111111111111111111111
1111111111111111111111111111111111111111
1111111111111111111111111111111111111111
1111111111111111111111111111111111111111
1111111111111111111111111111111111111111
1111111111111111111111111111111111111111
1111111111111111111111111111111111111111
1111111111111111111111111111111111111111
1111111111111111111111111111111111111111
1111111111111111111111111111111111111111
1111111111111111111111111111111111111111
1111111111111111111111111111111111111111
1111111111111111111111111111111111111111
1111111111111111111111111111111111111111
1111111111111111111111111111111111111111
1111111111111111111111111111111111111111
1111111111111111111111111111111111111111
1111111111111111111111111111111111111111
1111111111111111111111111111111111111111
1111111111111111111111111111111111111111
1111111111111111111111111111111111111111
1111111111111111111111111111111111111111
1111111111111111111111111111111111111111
1111111111111111111111111111111111111111
1111111111111111111111111111111111111111
1111111111111111111111111111111111111111
1111111111111111111111111111111111111111
1111111111111111111111111111111111111111
1111111111111111111111111111111111111111
1111111111111111111111111111111111111111
1111111111111111111111111111111111111111
1111111111111111111111111111111111111111
1111111111111111111111111111111111111111
1111111111111111111111111111111111111111
1111111111111111111111111111111111111111
1111111111111111111111111111111111111111
1111111111111111111111111111111111111111
1111111111111111111111111111111111111111
1111111111111111111111111111111111111111
1111111111111111111111111111111111111111
1111111111111111111111111111111111111111
1111111111111111111111111111111111111111
1111111111111111111111111111111111111111
1111111111111111111111111111111111111111
1111111111111111111111111111111111111111
1111111111111111111111111111111111111111
1111111111111111111111111111111111111111
1111111111111111111111111111111111111111
1111111111111111111111111111111111111111
1111111111111111111111111111111111111111
1111111111111111111111111111111111111111
1111111111111111111111111111111111111111
1111111111111111111111111111111111111111
111111111111111111111111767200000000957e
f0cd
f08e0d
